list(beta=c(    NA, -8.39603E-01, 3.39162E-01, 5.06642E-01, -5.50102E-01, -4.84412E-01, -3.14483E-01, 3.24468E-01, -1.36195E+00, -2.54144E+00, 1.41193E+00, -3.66537E+00, -6.15568E-01, -2.07086E+00, -2.56586E-01, -5.14460E-01, -1.54086E+00, 5.70727E-01, -1.13782E+00, -1.38588E+00, 2.20212E-01, 2.30295E+00, 4.12148E-01, 1.05196E-01), alpha=c(4.41114E-01, 6.70208E-01, -3.52733E-01, 1.58618E+00, -1.13489E+00, 2.20340E-01, -1.02596E+00, -7.40763E-03, -1.10514E+00, -1.36321E+00, -1.07618E+00, 2.97940E-02, 1.56255E+00, 9.50932E-01, -8.25571E-01, 8.34538E-01, 1.48562E+00, -8.19676E-01, -1.48394E+00, 1.91325E+00, -3.26527E-01, 1.28736E-01, 1.08449E+00, -2.42531E-01, -5.04653E-01, -1.23418E+00, 7.57510E-01, -4.62001E-01, -9.39417E-01, -2.24100E+00, -3.76856E-02, -1.97305E+00, 3.96281E-01))
