list(beta=c(    NA, -3.29351E+00, -1.94915E+00, -1.58967E+00, -2.81644E+00, -1.72622E+00, -1.62908E+00, 2.84640E+00, 1.65430E+00, -1.85351E+00, 7.08607E-01, -1.34886E+00, 5.09271E+00, -3.85595E+00, 5.54382E-01, 1.08709E+00, -1.17921E+00, -1.77540E-01, 6.89090E-01, 3.30174E+00, 1.98692E+00, -2.97543E+00, -9.64589E-01, -1.06790E-01), alpha=c(-9.10363E-02, -1.95087E+00, -1.21263E+00, 1.13010E-01, 1.36568E+00, 4.05806E-01, 4.78213E-01, -5.68344E-02, -1.14013E+00, 1.36290E+00, 2.51408E-01, -9.84034E-01, 6.26754E-01, 3.65685E-01, 3.02078E-01, -5.64117E-01, -4.24927E-01, -2.12564E-01, -7.24573E-01, -9.38421E-01, 3.41055E-01, -1.11387E-02, -4.44812E-01, 3.64044E-01, 4.80831E-01, 1.36815E+00, -6.99341E-02, -2.67531E-01, 1.46258E+00, 1.89018E+00, -4.63822E-01, 8.34560E-01, 5.96265E-01))
