list(beta=c(    NA, -2.55674E+00, -5.23421E-01, -1.06796E+00, -1.91004E+00, 7.74448E-01, 3.70161E+00, 3.54565E+00, 2.93428E-01, 1.21053E+00, 3.03892E+00, -8.43730E-01, -7.81400E-01, -1.17070E+00, -6.03602E-01, -1.01923E+00, -1.83728E+00, -4.29671E+00, -2.79120E+00, 4.29401E-01, 2.35785E+00, -2.98064E-01, -1.31990E+00, -2.01418E+00), alpha=c(2.10465E+00, 1.76345E-01, -7.67785E-01, -4.00709E-01, -4.59630E-02, 1.17361E+00, 7.26941E-01, -6.22925E-01, 2.25481E-01, -1.65360E-01, -3.15079E-01, -1.01086E+00, 3.48330E-01, 1.34223E+00, 1.11360E+00, 1.70838E-01, -3.63831E-01, -6.76029E-01, -7.07670E-02, 1.37887E+00, -8.29585E-01, 3.52180E-01, 3.62955E-01, -9.36748E-01, 1.18898E+00, -1.93915E-01, -5.50698E-01, -3.90703E-01, 2.33493E+00, 6.11180E-01, 1.18272E+00, -1.60566E+00, -8.96852E-01))
