list(Lstudy=c(2.00000E+00, 4.00000E+00, 5.00000E+00, 6.00000E+00, 7.00000E+00, 8.00000E+00, 1.00000E+01, 1.20000E+01, 1.30000E+01, 1.40000E+01, 1.50000E+01, 1.60000E+01, 1.70000E+01, 1.90000E+01, 2.00000E+01, 2.20000E+01, 2.30000E+01, 2.40000E+01, 2.50000E+01, 2.60000E+01, 2.60000E+01, 2.60000E+01, 2.70000E+01, 2.80000E+01, 2.90000E+01, 3.00000E+01, 3.10000E+01, 3.20000E+01), Ltx=c(7.00000E+00, 1.90000E+01, 1.00000E+00, 1.20000E+01, 1.00000E+00, 2.20000E+01, 1.60000E+01, 2.00000E+01, 9.00000E+00, 2.00000E+00, 2.00000E+00, 2.00000E+00, 6.00000E+00, 2.10000E+01, 1.70000E+01, 9.00000E+00, 6.00000E+00, 1.50000E+01, 8.00000E+00, 4.00000E+00, 1.00000E+00, 1.20000E+01, 1.20000E+01, 1.20000E+01, 9.00000E+00, 2.30000E+01, 3.00000E+00, 1.00000E+00), Lbase=c(1.00000E+00, 5.00000E+00, 4.00000E+00, 1.00000E+00, 1.80000E+01, 1.00000E+00, 1.00000E+00, 1.90000E+01, 1.00000E+00, 5.00000E+00, 1.80000E+01, 1.00000E+00, 1.00000E+00, 1.00000E+00, 1.00000E+00, 1.00000E+00, 5.00000E+00, 1.00000E+00, 1.00000E+00, 1.00000E+00, 1.00000E+00, 1.00000E+00, 1.30000E+01, 1.00000E+00, 1.00000E+00, 1.00000E+00, 2.00000E+00, 1.80000E+01), medianStudy=c(1.00000E+00, 1.00000E+00, 3.00000E+00, 3.00000E+00, 9.00000E+00, 9.00000E+00, 1.10000E+01, 1.10000E+01, 2.10000E+01, 2.10000E+01, 3.30000E+01, 3.30000E+01), medianTx=c(1.00000E+00, 1.70000E+01, 1.00000E+00, 1.00000E+01, 1.00000E+00, 2.40000E+01, 2.00000E+00, 3.00000E+00, 5.00000E+00, 6.00000E+00, 1.00000E+00, 1.10000E+01), medianBase=c(1.00000E+00, 1.00000E+00, 1.00000E+00, 1.00000E+00, 1.00000E+00, 1.00000E+00, 2.00000E+00, 2.00000E+00, 6.00000E+00, 6.00000E+00, 1.00000E+00, 1.00000E+00), Bstudy=c(1.80000E+01, 1.80000E+01), Btx=c(1.00000E+00, 1.40000E+01), Bbase=c(1.00000E+00, 1.00000E+00), Lmean=c(-4.78036E-01, -4.30783E-01, -4.15515E-01, -6.73300E-01, -1.07881E+00, -7.76529E-01, -2.87682E-01, -3.01105E-01, -6.16186E-01, -7.13350E-01, -1.34707E+00, -2.48461E-01, -1.86330E-01, 3.11887E-01, -4.00478E-01, -2.10721E-01, -1.60944E+00, 3.92207E-02, -1.16534E-01, 1.04982E+00, 0.00000E+00, -7.33969E-01, -3.42490E-01, -7.13350E-01, -5.02527E-01, -5.25939E-01, 1.57004E-01, -5.10826E-01), Lse=c(1.13440E-01, 1.54626E-01, 1.29116E-01, 1.34210E-01, 2.14486E-01, 1.10238E-01, 1.86451E-01, 1.75850E-01, 2.00492E-01, 1.43742E-01, 1.63031E-01, 1.23532E-01, 3.44369E-01, 2.97077E-01, 1.49946E-01, 2.45708E-01, 6.90829E-01, 1.68175E-01, 1.65828E-01, 4.70613E-01, 2.15255E-01, 4.53946E-01, 2.67812E-01, 1.18258E-01, 1.89648E-01, 1.27531E-01, 1.96751E-01, 3.53647E-01), multi=c(0.00000E+00, 0.00000E+00, 0.00000E+00, 0.00000E+00, 0.00000E+00, 0.00000E+00, 0.00000E+00, 0.00000E+00, 0.00000E+00, 0.00000E+00, 0.00000E+00, 0.00000E+00, 0.00000E+00, 0.00000E+00, 0.00000E+00, 0.00000E+00, 0.00000E+00, 0.00000E+00, 0.00000E+00, 1.00000E+00, 1.00000E+00, 1.00000E+00, 0.00000E+00, 0.00000E+00, 0.00000E+00, 0.00000E+00, 0.00000E+00, 0.00000E+00), LnObs=2.80000E+01, medianN=c(4.50000E+01, 4.50000E+01, 3.30000E+01, 3.30000E+01, 2.10000E+01, 2.30000E+01, 5.90000E+01, 5.90000E+01, 3.70000E+01, 3.90000E+01, 1.00000E+01, 6.00000E+00), medianR=c(2.25000E+01, 2.25000E+01, 1.65000E+01, 1.65000E+01, 1.05000E+01, 1.15000E+01, 2.95000E+01, 2.95000E+01, 1.85000E+01, 1.95000E+01, 5.00000E+00, 3.00000E+00), medianNObs=1.20000E+01, median=c(1.40000E+01, 1.80000E+01, 1.41000E+01, 1.72000E+01, 9.50000E+00, 6.20000E+00, 1.11000E+01, 1.28000E+01, 7.80000E+00, 1.33000E+01, 1.51000E+01, 5.40000E+00), Bn=c(3.80000E+01, 3.30000E+01), Br=c(3.40000E+01, 2.70000E+01), BnObs=2.00000E+00, nTx=2.40000E+01, nStudies=3.30000E+01)
