list(beta=c(    NA, -1.73391E+00, 3.34137E+00, 2.89864E+00, -9.97744E-01, -1.32457E+00, -1.59174E-01, 1.21634E+00, -9.71392E-01, -8.49612E-01, 1.83401E+00, 1.85577E+00, -2.26158E+00, -1.07873E+00, 1.20805E+00, -1.09019E+00, 1.13304E+00, 9.36170E-01, -2.56112E+00, -2.13147E+00, 1.99164E+00, -2.22714E+00, 4.69841E+00, 1.65193E+00), alpha=c(6.67322E-01, -1.70945E+00, -7.21951E-01, 1.75711E-01, 1.51529E+00, -1.08527E-01, -1.00980E+00, -2.24060E-01, -6.14267E-01, 4.24600E-01, -1.05579E-02, 4.45701E-01, -3.70117E-01, 2.27529E-01, 4.84531E-02, 7.28855E-01, -4.80006E-01, 6.19625E-01, -1.15877E+00, -1.11062E+00, -7.60806E-01, -6.96080E-01, 2.35404E-01, -8.80088E-01, -2.68091E-01, 1.30297E-01, 8.16706E-01, -9.61398E-01, 9.31467E-01, 2.66797E+00, -7.36976E-01, -3.01206E+00, 2.35227E-02))
