list(beta=c(    NA, -1.98375E+00, -1.67868E+00, -7.15305E-01, -1.17527E+00, -2.58146E+00, 8.78497E-01, -1.75451E-02, -1.54710E+00, -1.57158E+00, -3.18814E+00, -1.15351E+00, -7.22501E-01, -5.61601E-01, 2.47378E+00, -3.41591E+00, 7.86860E-01, 1.32866E+00, -8.81404E-01, -2.12211E+00, -2.12630E+00, -6.70358E-01, 1.49592E+00, -2.69701E+00), alpha=c(-1.12503E-01, -4.21861E-02, 1.12241E+00, 7.29531E-02, -5.67562E-01, 4.86447E-01, -1.05145E+00, -1.75251E-01, 6.75514E-01, -3.80690E-01, 9.72078E-01, -1.04712E+00, 6.29201E-02, -8.29469E-01, -5.12138E-01, -8.61713E-01, 4.99659E-01, -1.15405E+00, -9.76933E-01, -2.27076E-01, -2.68983E-02, 9.48733E-01, 3.47212E-01, -1.48412E-01, 5.36246E-01, 7.97741E-01, 6.96634E-01, -1.18993E+00, -5.86051E-01, 1.57830E+00, -4.97756E-01, -5.92201E-01, 1.52852E+00))
