list(beta=c(    NA, 6.27636E-03, -2.09606E+00, -2.25799E-01, -5.85699E-01, 1.14903E+00, 1.43420E+00, -3.63775E+00, 1.18439E-02, 2.20853E+00, 3.55834E-01, -8.38389E-01, -1.28772E+00, -5.07515E-01, 9.05458E-01, 2.32904E+00, 2.52506E+00, 5.16151E-01, 5.37758E-01, 1.86679E+00, 4.83138E-01, 1.64756E+00, 7.20636E+00, 5.16119E-01), alpha=c(-9.75682E-01, 7.89963E-01, -4.67338E-01, 2.84294E-01, 8.86865E-02, 2.20697E-01, -1.00429E+00, 4.25262E-01, -2.24215E-01, 9.37174E-01, -7.35824E-01, -4.17204E-01, -1.40017E+00, 1.51732E+00, 2.24593E-01, 1.91820E+00, -7.10670E-01, 2.58736E+00, 1.44566E+00, 6.07403E-01, 3.71767E-02, -1.10103E+00, 6.83711E-01, -7.47210E-01, -6.65404E-01, -1.84443E+00, 6.10630E-02, 1.27530E+00, 2.88438E-02, -1.92627E+00, 1.52590E+00, -1.16987E+00, -9.38506E-01))
