list(beta=c(    NA, 9.32367E-01, 1.04261E+00, -9.80709E-01, -5.41535E-02, -2.11174E+00, -1.04227E+00, 1.40080E-01, 3.90654E-01, 1.62996E-01, -1.49474E+00, -2.38810E+00, 5.77701E-01, -2.02090E+00, 6.42407E-01, 3.89601E+00, 9.61323E-02, 2.95762E+00, -1.18578E+00, -3.87289E-01, 1.93778E+00, -4.10913E+00, -2.71776E+00, -5.08419E-01), sd=1.00000E-01, alpha=c(4.07221E-01, 6.07369E-01, -1.11439E+00, 1.77349E+00, -5.56312E-01, 2.35655E+00, -7.81691E-01, 7.42119E-01, 5.88260E-01, -5.03199E-01, 1.04468E+00, -1.32229E+00, 3.17794E-01, 7.94990E-01, 4.97407E-01, 4.69384E-01, 2.28988E-01, -4.70582E-02, -1.47965E+00, 1.08263E+00, 9.53123E-01, -4.68007E-01, 1.20602E+00, 1.00983E+00, -1.24017E+00, 1.87111E+00, -1.81811E-01, 7.00808E-01, -3.35939E-01, -1.26927E-01, 2.37962E-01, 1.14213E+00, 6.00799E-01))
