list(beta=c(    NA, -1.76572E+00, -1.44936E+00, 2.96327E-01, -7.81137E-01, -1.38547E+00, -3.71045E-01, -1.33792E+00, 2.18558E+00, -2.13631E+00, 9.94664E-01, -1.36191E+00, 3.99584E-01, 8.63447E-01, 1.75462E+00, -2.98146E+00, 1.01274E+00, 7.93194E-01, 5.53972E-01, 5.38029E+00, -2.07585E+00, 1.82733E+00, -7.05736E-01, -9.12855E-01), sd=1.00000E-01, alpha=c(4.88675E-01, 3.57175E-01, -1.20594E+00, 8.26595E-01, 3.30530E-01, 5.11743E-01, -6.08948E-01, -5.01006E-01, -6.44526E-05, 7.08525E-01, -5.22461E-01, -1.31539E+00, -1.73082E+00, -9.33026E-01, -5.55924E-01, 7.12453E-01, -3.20099E+00, -7.46700E-02, -1.02466E+00, -6.19769E-01, -8.44651E-01, -1.98915E+00, -2.13915E-01, -1.71639E+00, -8.33287E-01, 5.27015E-01, -3.76180E-02, -3.40420E-01, 9.19569E-01, 1.28169E+00, 1.08877E+00, -1.35536E+00, 8.67544E-01))
