list(beta=c(    NA, 1.01307E+00, 2.93005E+00, 1.67059E+00, 2.27984E+00, 1.10777E+00, -1.90000E+00, 7.56896E-01, 3.79028E+00, 2.32897E-01, -1.02219E+00, -5.10526E+00, -2.02746E+00, -5.63696E+00, -2.80550E+00, -2.68457E+00, 8.24866E-01, 1.28015E+00, -2.16644E-01, -3.12299E-01, 3.15122E+00, 2.12896E+00, 6.22027E+00, 7.77527E-01), sd=1.00000E-01, alpha=c(-1.46953E+00, -3.46013E-01, 8.13959E-01, 1.51874E+00, -1.70685E+00, -2.86755E-01, 2.21959E-01, 1.63522E+00, -6.86516E-01, 1.06458E-01, 1.19840E+00, -2.52343E-01, -8.84993E-01, -1.07128E+00, 1.46835E+00, -5.95496E-01, -1.01422E+00, 3.42789E-01, 4.86182E-01, -3.19240E-01, -1.34267E+00, -5.74515E-01, 9.06228E-01, -1.73168E+00, -1.16219E+00, 8.75071E-01, 6.77635E-02, -4.46171E-01, -6.89843E-01, 5.52183E-02, -2.44462E-01, -2.70167E-01, -1.85173E+00))
