list(beta=c(    NA, -1.15109E-01, -4.94572E-01, 2.15237E+00, 9.25429E-01, 4.24677E-01, 1.16605E+00, -2.50072E+00, -3.98315E+00, 2.34998E+00, -6.40974E-01, 2.48382E+00, -3.93948E+00, -2.95234E+00, -1.86102E+00, 1.28490E-02, 1.86361E-01, 1.64547E+00, -4.47411E-01, 2.95868E+00, 3.73910E+00, -4.62911E-01, 2.14473E+00, 2.89251E+00), sd=1.00000E-01, alpha=c(-1.42877E+00, -1.02154E+00, -1.31129E+00, -1.76378E-03, -1.10848E+00, 2.09835E-01, -4.29778E-01, -4.09868E-01, -1.54185E+00, -7.54308E-01, 3.31193E-01, -9.00974E-03, 1.83135E+00, 1.24407E-01, 3.43524E-01, -1.18487E+00, 1.16618E-01, -1.42598E+00, 1.09593E-01, 5.26403E-01, 7.24175E-03, -3.84685E-02, -2.70006E-01, 3.37694E-01, 2.52474E-01, 5.53996E-01, -9.31545E-01, 2.56898E+00, -6.59895E-01, 2.77335E-01, -3.49745E-01, -5.30697E-01, -1.53113E+00))
