list(beta=c(    NA, 1.71753E+00, 1.24198E+00, 3.31741E+00, -2.40276E+00, -2.59923E+00, -1.56868E+00, 8.67829E-01, -3.05267E+00, -1.48097E+00, -8.99191E-01, -1.53213E+00, 7.09886E-01, -2.40737E+00, 2.63813E+00, -2.03534E+00, 2.46018E+00, 3.79238E+00, -2.92048E+00, -6.70557E-02, -5.64594E-01, -4.73276E-01, -1.87452E+00, 1.84728E+00), sd=1.00000E-01, alpha=c(-4.59210E-01, 6.69243E-01, -9.50355E-01, -1.36997E+00, 2.00921E+00, 5.76789E-01, -6.27717E-01, -3.68514E-01, -2.87830E-01, -1.80840E-01, 1.96888E+00, -1.62385E-01, -6.35510E-01, -1.20741E+00, -4.91722E-02, -9.75332E-02, 5.72128E-01, -5.36262E-01, -8.89482E-01, -2.37251E-01, -1.24341E+00, 9.25352E-02, -4.17094E-02, 1.50885E+00, -9.76324E-01, 2.64630E-01, -5.10247E-01, -3.05029E-01, 6.38057E-01, 3.68801E-01, -1.00719E+00, 3.56977E-01, 7.41252E-01))
