list(beta=c(    NA, 1.01339E+00, 1.03495E+00, -3.20684E+00, -3.15484E-01, 2.37017E+00, -1.09515E+00, -3.07362E+00, -1.72125E+00, 3.07777E+00, 1.65843E-01, 1.39913E+00, -3.05706E-01, 3.25889E-01, 1.02041E-01, 1.74251E+00, 2.69494E+00, 3.41762E-01, 1.57836E+00, 1.38228E+00, -4.34945E+00, -1.97402E+00, -2.63049E-01, -2.26890E-01), sd=1.00000E-01, alpha=c(-3.82320E-01, 2.72090E-01, -7.93574E-01, -5.13912E-02, 1.14369E+00, 3.56060E-01, 3.93939E-01, -2.97443E-01, -1.38742E+00, 1.20232E+00, 3.64251E-01, 1.60518E-02, 1.83400E+00, 9.82210E-01, 8.09817E-01, -3.23054E-01, 1.12446E+00, -1.33114E+00, -1.07653E+00, -8.82174E-01, -2.92831E-01, -1.48131E+00, 2.29928E-02, 1.97371E+00, -2.71463E+00, -1.34080E+00, -8.67479E-01, 1.53060E-01, -6.70425E-01, -6.49203E-01, -2.16569E+00, -1.50775E+00, 2.76677E-01))
