list(beta=c(    NA, 8.97481E-01, 2.16782E+00, 1.04526E-01, -3.84506E-01, -2.52215E-01, -8.62667E-01, 4.85480E+00, -1.81110E+00, -2.28547E+00, -2.59828E+00, 2.98025E-01, 3.06351E+00, -3.86539E+00, -2.00693E+00, -1.73874E+00, 1.65787E+00, 2.03866E+00, -2.81867E+00, 2.56593E+00, 1.02537E-01, 2.23661E+00, 3.11206E-01, -6.32061E-01), sd=1.00000E-01, alpha=c(3.07517E-01, 1.61396E+00, -1.43478E+00, -7.26178E-01, 4.72333E-01, -3.24614E-02, -3.98006E-01, 7.74480E-01, -7.13505E-01, -5.90344E-02, -2.35657E-01, 1.38939E+00, 1.40592E+00, 8.33708E-01, -3.56975E-01, -6.05285E-01, 1.05184E+00, 1.21561E+00, -3.44762E-01, -1.76949E-01, -3.93707E-01, 6.92476E-01, -1.76171E+00, 8.02016E-01, -1.77612E-02, -4.45065E-01, 1.28551E-01, 1.09954E+00, 8.28996E-01, -9.15116E-01, 4.39902E-01, -7.91715E-01, 5.04956E-01))
