list(beta=c(    NA, -1.62526E+00, -2.78084E-01, 3.96240E+00, -2.98135E+00, -1.38504E+00, -3.22644E+00, -2.37541E+00, -1.40261E+00, -3.17420E+00, 1.45193E+00, 2.76852E+00, -1.00983E+00, -2.10739E+00, 9.65641E-01, 1.32598E-01, -1.89136E+00, 2.70249E-01, 1.54948E+00, -2.83158E+00, -3.44071E+00, -2.12603E+00, 1.06035E+00, -7.78180E-01), sd=1.00000E-01, alpha=c(-6.38746E-01, 9.73109E-01, 8.24739E-01, 1.09241E-01, 6.94337E-01, -1.31775E+00, -4.24738E-01, 5.40234E-01, 1.33863E+00, -9.99123E-01, 8.32318E-01, -3.42910E-02, -3.93095E-01, 9.78511E-01, 6.95002E-01, -1.60206E+00, -2.98382E-01, -1.61885E+00, 1.67041E+00, 7.20041E-01, -1.88114E-01, -8.76268E-01, 6.14148E-01, -7.66815E-02, 3.58055E-01, 2.29898E-01, -4.08770E-01, -2.04201E-01, -7.97275E-01, 8.39659E-01, 1.09845E-01, -2.42172E-01, -2.24247E-01))
