list(beta=c(    NA, -4.00138E-01, 2.46742E+00, -1.31169E+00, 6.34834E-01, -1.56193E+00, -6.09974E-01, -2.44571E+00, -5.15169E-01, 2.25119E+00, 4.88112E+00, -8.38386E-01, -3.08299E-01, 8.02944E-01, 2.81260E+00, -9.88068E-02, -4.66956E+00, -1.29638E+00, -2.65485E+00, 1.55863E+00, -4.38865E+00, 9.88515E-01, -1.05324E+00, -2.46059E+00), alpha=c(-1.01789E+00, -1.22510E+00, -8.66699E-01, 4.95427E-01, -4.28940E-01, 2.38457E+00, 1.31026E-01, -1.48148E+00, 1.15723E-02, -1.93013E+00, -1.33595E-01, -1.01511E+00, -4.43399E-01, 3.66314E-01, 6.53641E-01, 1.75358E-01, 4.55491E-01, -1.61859E+00, -4.94855E-01, -9.82226E-01, -3.74302E-01, 1.11813E+00, 1.45055E+00, 9.39628E-01, 2.52415E-01, 1.19499E+00, 1.64578E-01, 1.26498E+00, 1.37517E+00, 1.05956E+00, -4.58103E-01, -7.74520E-01, -6.78770E-01))
