list(beta=c(    NA, 2.60977E+00, 2.90328E+00, 1.92728E+00, 2.05216E+00, 1.02319E+00, -2.13408E+00, -1.46343E+00, -2.15354E+00, 1.21959E+00, 1.69556E-01, -1.02162E+00, -4.55838E-01, -1.74440E+00, -4.34719E+00, 2.11815E+00, 1.45556E+00, 4.90007E-01, -1.50247E+00, 1.85827E+00, -3.13766E+00, 2.19575E+00, 2.76202E+00, 4.20630E-01), alpha=c(-1.34429E+00, 2.10353E+00, -7.00594E-01, 1.21338E+00, 9.99270E-01, 3.73990E-01, 9.41617E-01, 1.46955E+00, -5.32574E-01, 4.76230E-01, 4.77193E-01, -2.01160E+00, 1.05172E+00, -1.44451E+00, 7.68557E-01, -6.17775E-01, 1.20135E+00, -1.15714E+00, 1.66771E+00, -2.24989E+00, -4.05067E-01, -2.19569E-01, 4.03996E-01, -5.67342E-01, 9.06840E-01, -1.94183E-02, -1.28652E-01, -1.62490E-01, 7.91962E-01, 1.64472E-01, 4.68331E-01, -6.01246E-01, -1.02305E+00))
